5
20
10
40
15
60
1
15
100
10
1
130
1
15
160
15
180
1
15
210
20
230
1
20
260
20
280
290
1
310
320
25
340
25
360
1
380
25
400
1
420
25
440
1
460
25
480
25
1
500
25
1
520
25
1
540
25
1
560
25
1
580
25
1
600
25
1
620
25
1
640
25
1
660
30
1
680
30
1
700
30
1
725
30
1
750
30
1
775
30
1
800
30
1
850
40
1
900
40
1
900
40
1
900
40
1
900
40
1
900
40
1
900
40
1
900
40
1
900
40
1
900
40
1
900
40
1
1500
50
1
1500
50
1
1500
50
1
1500
50
1
1500
50
1
1500
50
1
1500
75
1
1500
75
1
1500
75
1
1500
75
1
1500
75
1
1500
75
1
1500
100
1
1500
100
1
1500
100
1
1500
100
1