10
25
50
75
100
200
300
400
500
600
700
800
900
1000
1100
1200
1300
1400
1500
1600
1700
1800
1900
2000
2100
2200
2300
2400
2500
2600
2700
2800
2900
3000
4000
4200
4400 
4600
4800
5000
5200
5400 
5600
5800
6000
6200
6400
6600
6800
7000
7200
7400
7600
7800
8000
8200
8400
8600
8800
9000
9200
9400
9600
9800
10000
10500
11000
11500
12000
12500
13000
13500
14000
14500
15000
15500
16000
16500
17000
17500
18000
18500
19000
19500
20000
21000
22000
23000
24000
25000
26000
27000
28000
29000
30000
31000
32000
33000
34000
35000
36000
37000
38000
39000
40000
41000
42000
43000
44000
45000
46000
47000
48000
49000
50000
52500
55000
57500
60000
62500
65000
67500
70000
72000
74000
76000
78000
80000
82000
84000
86000
88000
90000
92000
94000
96000
98000
100000
120000
140000
160000
180000
200000
225000
250000
275000
300000
325000
350000
375000
400000
425000
450000
475000
500000
525000
550000
575000
600000
625000
650000
675000
700000
725000
750000
775000
800000
825000
850000
875000
900000
925000
950000
975000
1000000